extends Spatial

var bp = [ ]
func _ready():
	for i in range(26):
		bp.append(null)
	bp[0] = str2var("Transform( -4.91738e-07, 1, 2.98023e-07, -8.9407e-08, 1.49012e-07, -1, -1, -3.72529e-07, -2.98023e-08, 0.00132679, -0.0480707, 0.000718911 )")
	bp[1] = str2var("Transform( -0.305048, -0.381067, -0.872774, -0.856083, 0.511219, 0.0760089, 0.417214, 0.770353, -0.482171, 0.0353971, -0.032365, 0.0202071 )")
	bp[2] = str2var("Transform( 0.980191, -0.176523, 0.0898015, 0.19136, 0.960995, -0.199674, -0.0510517, 0.212903, 0.975739, -7.99321e-05, -0.01969, -0.0483838 )")
	bp[3] = str2var("Transform( 0.980061, 0.162048, -0.114979, -0.187381, 0.946269, -0.263559, 0.0660918, 0.279849, 0.957767, 8.29531e-05, -0.0205599, -0.042646 )")
	bp[4] = str2var("Transform( 1, -1.23866e-07, -1.64844e-07, 1.83471e-07, 1, -1.53668e-08, 3.07336e-08, 7.49715e-08, 1, -0.000682582, -0.0294183, -0.0250397 )")
	bp[5] = str2var("Transform( 0.964214, -0.188946, -0.185985, 0.221085, 0.960199, 0.1707, 0.14633, -0.20571, 0.967611, 0.00854908, -0.0336812, -0.0306708 )")
	bp[6] = str2var("Transform( 0.984668, 0.174208, 0.00894794, -0.170218, 0.970798, -0.169045, -0.0381357, 0.164931, 0.985568, 0.0011378, -0.0331107, -0.0845323 )")
	bp[7] = str2var("Transform( 0.998027, -0.0617958, -0.0111321, 0.0624098, 0.995753, 0.067677, 0.0069027, -0.0682382, 0.997645, 0.000349133, -0.026304, -0.0517029 )")
	bp[8] = str2var("Transform( 0.998236, -0.0326285, 0.0496008, 0.0366529, 0.995915, -0.0825198, -0.0467057, 0.0841923, 0.995354, -5.96609e-05, -0.0241715, -0.0287692 )")
	bp[9] = str2var("Transform( 1, 5.36442e-07, -1.08034e-07, -5.81145e-07, 1, -7.0082e-07, 1.08033e-07, 7.0082e-07, 1, -0.000301004, -0.0217777, -0.0227717 )")
	bp[10] = str2var("Transform( 0.996362, -0.0165155, -0.0836059, 0.0330306, 0.979197, 0.200207, 0.0785601, -0.20224, 0.97618, -0.00251142, -0.0330548, -0.0329039 )")
	bp[11] = str2var("Transform( 0.997611, -0.0369981, 0.0583365, 0.0414933, 0.996103, -0.0778287, -0.0552297, 0.0800633, 0.995259, 0.000752704, -0.0301651, -0.0832604 )")
	bp[12] = str2var("Transform( 0.99984, -0.0178653, -0.000678075, 0.0177432, 0.986928, 0.160181, -0.00219253, -0.160168, 0.987087, -0.000253968, -0.0273833, -0.054946 )")
	bp[13] = str2var("Transform( 0.994784, -0.101909, -0.00433139, 0.0986519, 0.972049, -0.213047, 0.0259216, 0.211508, 0.977033, 0.000232043, -0.0240903, -0.0362379 )")
	bp[14] = str2var("Transform( 1, 2.29105e-07, -6.65896e-08, -1.99303e-07, 1, -3.6438e-07, 6.98489e-09, 3.04775e-07, 1, -0.000314266, -0.0247342, -0.0254207 )")
	bp[15] = str2var("Transform( 0.99457, 0.0964511, 0.0390912, -0.101006, 0.985092, 0.139257, -0.025077, -0.14245, 0.989484, -0.0122455, -0.02626, -0.0321261 )")
	bp[16] = str2var("Transform( 0.983929, -0.070027, 0.164258, 0.0908686, 0.988237, -0.123007, -0.153712, 0.135956, 0.978718, -0.00694989, -0.03603, -0.0780778 )")
	bp[17] = str2var("Transform( 0.996486, -0.0767036, -0.033659, 0.082815, 0.962469, 0.258448, 0.0125718, -0.260327, 0.965439, 0.0001689, -0.0283535, -0.0489837 )")
	bp[18] = str2var("Transform( 0.998179, -0.00233693, -0.0602739, -0.00859836, 0.983532, -0.180528, 0.0597033, 0.180718, 0.981721, -0.000197286, -0.0201863, -0.0337082 )")
	bp[19] = str2var("Transform( 1, -2.98023e-08, 1.86265e-09, 2.98023e-08, 1, -4.61005e-08, -1.86265e-09, -7.31088e-08, 1, -0.000262591, -0.0207926, -0.0247703 )")
	bp[20] = str2var("Transform( 0.857894, -0.108201, 0.502306, 0.117153, 0.993018, 0.0138178, -0.500293, 0.0469924, 0.86458, -0.0189844, -0.0224663, -0.0284223 )")
	bp[21] = str2var("Transform( 0.924942, 0.196206, -0.325554, -0.179488, 0.980425, 0.0809369, 0.335062, -0.0164288, 0.942053, 0.00364977, -0.0510285, -0.0591142 )")
	bp[22] = str2var("Transform( 0.992431, -0.121244, 0.0195088, 0.103815, 0.913177, 0.39412, -0.0655998, -0.389111, 0.918852, -0.000556649, -0.0206001, -0.0380305 )")
	bp[23] = str2var("Transform( 0.995301, -0.0256525, -0.0933692, 0.00081571, 0.966456, -0.256832, 0.0968257, 0.255549, 0.961935, 0.000372737, -0.0130845, -0.0240756 )")
	bp[24] = str2var("Transform( 1, 2.58908e-07, 2.98023e-07, -2.58908e-07, 1, 6.25849e-07, -2.68221e-07, -6.25849e-07, 1, 0.000250984, -0.0167796, -0.0223226 )")
	bp[25] = str2var("Transform( 0.996362, -0.0165154, -0.083606, 0.0330304, 0.979197, 0.200206, 0.0785603, -0.20224, 0.97618, -0.0066421, -0.0520932, 0.000615561 )")

